image: ./mapping_2024-01-22-14-17-41.carto-converted.pgm
resolution: 0.050000
origin: [-12.663620, -12.429990, 0.0]
negate: 0
occupied_thresh: 0.65
free_thresh: 0.196
